3.490851535864745725e-01 2.592960539559156785e-02
-5.212437779786202041e-01 5.141810820670128512e-02
-1.207159545974199610e-01 -3.497999938102527850e-02
-3.239218061318813735e-01 -6.508122927645035305e-02
-3.258281839662770518e-01 -1.211152630343681480e-02
1.242081315415564657e-01 -4.277838801971107774e-01
-2.521061193899366837e-02 -2.314808788189670619e-02
-7.897007514269843709e-02 -1.226508064877392112e-02
-8.149208638518584680e-02 1.110266562346478858e-01
-1.549279655957715163e-01 -1.145011799938557562e-01
-3.336208309897947810e-02 -1.297193984646825005e-01
0.000000000000000000e+00 -0.000000000000000000e+00
-9.463362837052465004e-02 4.972103137152961150e-02
7.748792007409552318e-02 -2.624252730423325408e-01
-3.233035488107586786e-01 2.196977919510866573e-01
-1.709698793843805742e-02 -4.401871121358820194e-01
5.821104524047476803e-02 -4.890726150500639413e-01
-3.241842762060223593e-02 -1.405325777744919069e-01
-3.445807534467292821e-01 7.523905251643173142e-02
-3.860522586553494229e-01 -6.571196179968660789e-02
-6.198856411156671714e-02 -1.334283361732436779e-01
-3.940387279158171219e-01 2.787680263093561539e-03
5.508477830001425879e-01 1.943092340749291713e-01
5.387412304390524348e-02 -8.260902871195563435e-02
-7.874479344938978276e-02 -9.385483387240498021e-02
-5.083290804815661090e-01 8.679623804706876333e-02
-5.458535538026505485e-01 -8.068410338937015425e-02
-1.456621617634623611e-02 -3.979818208883924013e-01
4.187404917366555068e-02 -3.690398459740483750e-01
-3.400843017088702180e-01 1.995550655738334012e-01
-5.406982041157164243e-02 -1.178556601905687701e-01
-1.371092937818439161e-01 5.577590589342852623e-02
-1.117168025884805217e-02 1.857111453175797067e-02
-2.144856055999312394e-01 -8.074209142566377007e-02
4.079058894615594788e-01 6.368077494141829997e-02
-1.090585768908128861e-01 1.995317643785486927e-01
9.123846002571103786e-02 1.481848973107015854e-01
-1.624929122519561397e-01 -7.544040370846272214e-02
-1.092914447292293589e-01 -9.629446792964013735e-02
-1.849015778627171591e-01 -2.179465650094154217e-01
-9.024238838976031407e-02 4.136167396149537101e-02
-4.239918003872067409e-02 -1.153199807933404930e-01
-3.379872614918048024e-01 2.508968925791955629e-01
-4.809756212355327798e-01 1.356834640083310894e-01
-2.139575960760134177e-01 8.596031470823545240e-02
-2.354324494700650305e-01 -1.050124962501296638e-01
-1.194327089381337081e-01 -5.798547408461665609e-02
4.747597173310369456e-02 -1.396517611727065289e-01
-2.601140505958981497e-01 1.911909768472274951e-01
1.977852476694260120e-01 9.816404285552031428e-02
0.000000000000000000e+00 -0.000000000000000000e+00
-1.056041189902322264e-01 -1.361011797888206365e-01
-1.622483012958348680e-01 -1.637713920283788427e-01
-3.475591404248916660e-01 1.912238959835470264e-01
-5.457176153305690613e-01 -1.856974985477200663e-02
-1.045127048772123007e-02 3.199098964480606710e-02
9.775324306734178847e-02 -5.533230741456585111e-02
-5.455849510521345591e-01 8.887283761789471770e-02
4.320058283784236619e-01 -1.802760279128395871e-01
-2.761085743782856761e-01 3.007053534633229441e-01
-1.779836899011734419e-01 -8.352117857655266819e-02
-2.983819838323975571e-02 -5.051436019340871386e-02
-2.409127549330429829e-01 -6.374163087376728820e-02
-3.510203104361163118e-01 -8.788636033027968919e-02
-4.046846598552427121e-01 2.244171350502951745e-01
-3.830867360595935911e-01 4.684107168179686698e-02
-1.383763515696118385e-01 1.268223160519392489e-02
5.149403818969604529e-01 8.508300122545708888e-02
-1.661654156370141744e-02 -5.520863300844500166e-02
-0.000000000000000000e+00 0.000000000000000000e+00
-1.738587743043551459e-01 -8.937239623082482431e-02
-1.839593224628169321e-02 -4.325255160525077192e-01
1.600529922162838847e-01 -9.040432210498550170e-02
-1.094826285144329808e-02 6.638287705674927874e-02
-4.798094048852008520e-02 -1.021552272185856924e-01
-2.536789539427076190e-01 1.785800053529040810e-01
-4.393737652818879846e-02 9.793077149638163004e-02
-7.109473993017023652e-02 -4.428527015323366900e-01
1.186249752913355882e-01 -8.679269161680203126e-02
-9.229412565835293236e-02 -7.245571816380244612e-02
7.220073641104220175e-02 -2.071939441586113095e-01
-6.011918256777204483e-02 -1.438472706634487119e-01
2.038132757344057189e-01 -1.208184182567104692e-01
-7.908961425957769520e-02 -1.067167242200541127e-01
-6.338378088611519301e-01 1.171290290737870832e-01
-1.946812502547278223e-01 2.681785453991267221e-01
-1.432361418772134243e-01 1.597808943699785544e-02
1.989895987903626817e-02 4.887490598810662057e-03
-2.192301597845427164e-01 -1.284665039346735149e-01
2.074710780363768492e-02 -4.105587441358941048e-01
-2.292828620690424701e-01 -1.530299142250571287e-01
-1.144669425489744929e-01 6.699797354052290654e-02
-5.040076411115435029e-02 -1.562336061904116002e-01
-6.511588433762283135e-02 1.864901654895288197e-01
-7.788003540967125549e-02 1.273875783707368869e-01
-6.496208950209048441e-03 1.356359612228064115e-02
8.699510217557826497e-02 -9.304785128445447473e-02
1.807604231240097781e-01 -1.954137865156777565e-01
-3.866542167854467582e-01 3.185924944570089901e-01
-1.892788451989797782e-01 -2.701601759726027230e-02
-4.859948135351589427e-01 1.325988695056901090e-01
2.298224367290276904e-01 7.242619441696457327e-02
-5.732039054901283404e-01 2.713474463298355677e-02
-1.427294842291296217e-02 -1.136308343459545567e-01
-2.030373847104420260e-01 -5.844711463641807936e-02
-2.913427654207529915e-01 3.215702446428188033e-01
5.384636696855904514e-02 -5.378033595082470919e-02
-8.945137746206810458e-02 -7.702664886433940872e-02
6.548777956007412193e-01 7.785479224317853886e-02
-1.362530532728861155e-01 -1.567790428392834556e-02
-1.550616964770897277e-01 -1.841716720427458986e-01
-2.624348696237538969e-01 2.452160872898662136e-01
2.644083383450710478e-01 1.946531298717162350e-01
-3.818574837785022602e-01 -3.753823056224289689e-02
-6.230125123711238722e-04 -2.065228520192894934e-01
0.000000000000000000e+00 -0.000000000000000000e+00
2.108610971264027190e-02 -3.392354102093930734e-02
-4.663409484221484602e-01 -8.728560485666417290e-02
-3.950876696970062052e-01 2.757820010158533175e-01
5.455393613345349557e-01 5.485965776709914726e-02
-0.000000000000000000e+00 -0.000000000000000000e+00
-3.347555053494266630e-02 -1.009014491945530168e-01
9.937841446835793402e-02 2.618469429083106759e-01
-6.795281579299254637e-02 -1.353284744052301591e-01
4.024184987781950079e-02 -5.207421301533003699e-02
-3.179710259954282026e-01 6.430969218046481140e-02
-4.052624728049561420e-02 2.603043134457925373e-02
-4.248560145001852306e-01 2.403377789549492327e-01
3.883147616141269243e-02 2.300905183090968253e-01
6.064334829480050315e-01 1.236652378954044840e-01
-6.425552494311059792e-02 -1.981776739000511156e-01
9.584320055302446295e-02 -5.139620049791772116e-01
-6.895647873278820672e-02 -1.381896307964228798e-01
2.113393339462716347e-01 2.383036111283810543e-01
9.530386433734043539e-02 -5.268333872094798087e-01
1.641366709538393531e-01 -1.212211907696472690e-01
-1.087233392326584502e-01 1.471132815535791671e-03
2.001770321591526125e-01 -2.423786932686426698e-01
-3.077338964132612098e-01 4.459771977806681886e-01
-9.364613056901177623e-02 1.418076263213088883e-01
6.656107100602220994e-02 9.284824636357852379e-03
9.282062340050031835e-02 -4.908835510309155215e-01
-2.649549691102094651e-02 2.096207741267575031e-02
3.013852780145193089e-01 1.998075200768213988e-01
1.246568157915054764e-01 -4.509936987108368323e-01
-8.322460873557840921e-04 -1.061443594057486783e-01
-4.585614483193850566e-02 -1.064385798333102595e-01
2.359777546221668298e-01 -2.163466311550098498e-01
9.831323077400810906e-02 -2.963823773413432616e-01
4.273485447863312192e-02 -1.841447217999862551e-01
9.026645175582138914e-03 -1.434481015863434961e-01
1.849365316271036064e-01 -3.121774312606128698e-01
-0.000000000000000000e+00 -0.000000000000000000e+00
2.707331360191398417e-01 1.927387493397146878e-01
-1.087865111173149379e-01 -2.135028726112727648e-01
1.188684656190348576e-01 -2.065869697341686240e-01
1.969802289878372914e-01 1.470670657843445306e-01
4.788315566706086157e-02 -2.058905323897358142e-01
1.179811945071617685e-01 -5.025186086333721658e-01
3.996984956334137529e-02 -2.261154341465040074e-01
2.261819446783610854e-01 -2.762238820820056007e-01
1.410186579388295058e-03 -1.995854164733935343e-01
1.910036346750221825e-01 2.385983257198394103e-01
1.405909271039703923e-01 -1.363335885486087196e-01
1.112086529270350788e-02 -2.020758636472649306e-01
6.051468928642267375e-02 -1.160263047971727690e-01
6.102432437102065510e-01 1.052657669730315965e-01
4.082434280107365421e-01 -2.277997775402701430e-02
-0.000000000000000000e+00 0.000000000000000000e+00
3.430768728313960958e-01 -7.417984318736242644e-02
0.000000000000000000e+00 -0.000000000000000000e+00
3.576064786318444710e-03 -1.680364353780996467e-01
2.004021133258927223e-01 -1.374819944751583534e-01
5.751647802558990108e-03 -1.585022106636574390e-01
-9.635297049727425955e-02 4.097724047656781110e-02
1.334317387317703885e-01 -5.776525812496025730e-02
-2.362762633484709052e-01 3.341927599013418404e-01
6.393963584463119298e-02 -3.837859082605486749e-02
-3.517986810997601466e-01 2.549096712453432501e-01
7.937147722574194875e-01 1.458908654457015119e-01
-3.965326897906102377e-01 1.116285498890838834e-01
3.780325459426128187e-01 2.351504006576079775e-01
-2.772760983398993573e-01 1.528500421920943875e-01
1.503899621009581189e-01 -6.510780320933440279e-02
8.192216399948853978e-02 -8.472022036423978997e-02
-1.469864010283032651e-02 1.742281756835451501e-01
1.960637601688655640e-01 -9.668833735996235079e-02
6.605317332797677743e-02 -1.409975606794651171e-01
9.442975765132644028e-04 -5.105022001884191446e-02
1.572095940679989201e-01 -3.759003760598533250e-01
2.116510390140209641e-02 -1.394333311355109017e-01
-5.664050269465326776e-02 -6.544805156804917035e-03
-1.938097669986839355e-02 -1.221940640047403659e-01
-8.253502074107875452e-02 1.802383219328296260e-03
1.818321746416297902e-01 -2.615314790414369206e-01
3.432151268534016086e-01 1.932654211109420261e-01
-2.286695888152720235e-01 2.872260673800269282e-01
1.730854570672370474e-01 -1.415208621603610828e-01
3.609714111997008867e-03 -2.807157345487301670e-02
-7.358950087755328218e-02 1.584937569910410404e-01
1.466556905375855369e-01 -1.146590502674522116e-01
-6.071371417135137949e-02 7.197778072525418125e-03
-2.771033075889152431e-02 1.999449219985602877e-01
-6.415157528137233056e-02 -1.140094324350855448e-01
0.000000000000000000e+00 0.000000000000000000e+00
-1.361449550856661250e-01 -1.995405183078902689e-01
-5.045921980043169830e-01 -4.045005790252687028e-03
5.460000135309697189e-01 -8.012050178729523964e-05
2.129818420436505322e-01 -1.014256635836798814e-01
2.123079604989613345e-01 -3.214354932505109064e-02
-1.484587421741095925e-02 2.738137608271111814e-02
5.032617249040962637e-01 1.544854014520777863e-01
-0.000000000000000000e+00 0.000000000000000000e+00
-4.942945868092407657e-01 1.533923252704185169e-01
-3.529040655738866494e-01 1.730413616602918814e-01
-1.040907195858814249e-01 -8.102674575963980663e-02
-9.462065515071532706e-02 -3.159925543927299407e-01
-6.733438314659866142e-02 -8.760018345807757401e-02
-4.573523366290981329e-01 1.809142642373590681e-01
1.060995282980472521e-01 -9.870836382621372973e-02
-5.319246274131994578e-02 -5.081452535817709837e-01
-9.611984532584286200e-02 -1.179673657099670758e-01
-3.853714101009620974e-01 3.172345913004206430e-01
-7.358182906498172970e-02 -2.597252767766133896e-02
5.124113350963747093e-01 2.284607989616245505e-01
9.396951828235886039e-02 -2.459516510261980371e-01
0.000000000000000000e+00 -0.000000000000000000e+00
-3.388857957087421102e-02 -4.372973764022800580e-01
-1.083828074864246066e-01 -1.860963776938601710e-01
-2.424222981466096771e-02 7.388484476687243174e-02
1.793610514769807540e-01 -2.855597558800326285e-01
-3.137747000007147236e-01 -2.511946649682128552e-02
2.295091437515470179e-02 -3.396402676676283372e-01
-8.768748267588652445e-02 1.206203919316128359e-01
8.615442464544188772e-02 -3.656363997741133298e-01
-2.099029173141843119e-01 -1.241555584085725361e-01
-5.837659946182087722e-01 1.665743047429361912e-01
4.147910013613334557e-02 -4.886149619442592962e-01
-1.067534327705669944e-01 -2.807234136098559207e-01
8.758123631015271582e-02 -3.953508677974540975e-01
-2.190031565200784014e-02 -3.073693915383481912e-01
-2.552412246433169440e-02 -4.511303262503887357e-01
2.306847748790700342e-03 -4.359468851745202933e-01
-1.177509077947312133e-01 -2.471423953539740592e-01
-6.112516692151349212e-02 -1.098465114384510333e-01
-1.600947036698024961e-01 -3.335532033955325160e-01
2.581996832227466121e-01 -3.656505657287781319e-01
-1.095389601925062517e-01 -2.331584916168273625e-01
1.556572214747421468e-01 -2.466119141058538966e-01
1.779349221711750695e-01 -8.699724386388413278e-02
1.651625113612069096e-01 -1.292271371349474895e-01
-3.559283192536254470e-01 1.213575990806909921e-01
-2.947338824112265554e-01 -1.249643111387998273e-01
1.925547428548716744e-01 -2.425820920668864122e-01
-1.563209531621001513e-01 -1.352276294812068680e-01
6.764733401953132441e-01 -8.795580659975207882e-02
-3.021258809558892144e-01 1.565293128795760547e-01
-6.831404663394213816e-03 -3.384467546114786063e-01
1.638346740301561688e-01 -2.673840452026109427e-01
-2.461275351499953024e-02 -2.132834781215658670e-01
2.745128230364202171e-02 -3.754336594442447828e-01
-1.014145765191577508e-01 -2.999870350134894448e-01
0.000000000000000000e+00 0.000000000000000000e+00
-8.135460242608411052e-02 -2.712445435425548945e-01
2.130734067064267157e-01 -4.229153453658278106e-01
-6.303065277973657343e-02 -1.817567118610892152e-01
-1.599862756929118224e-01 -6.932567216641760677e-04
2.580448294086124528e-01 -3.875511457359098189e-01
2.022339844537791309e-01 -3.711683307571648216e-01
2.079692359440106220e-01 -2.891266051780536639e-01
1.509003068167461548e-01 -4.980662909549584683e-01
-4.695242214368991474e-02 -2.768538299824139376e-02
1.644145939380257659e-01 2.800413772719366756e-01
1.783360428725838664e-01 -3.816443683720693869e-04
-1.567872982693628847e-01 -1.443613885592271995e-01
1.020770058237152611e-02 -2.033024637574480098e-01
8.695363783097900812e-02 -1.289280606885752634e-01
-1.497986524815016207e-01 -1.153120160799797345e-01
-1.972376580584458694e-01 -2.277145468227047553e-01
4.064139828680007893e-01 3.214234232023457372e-01
1.704017068296409532e-02 -1.109083524032218881e-01
-1.487927766622408887e-01 -1.221137790751921082e-01
-4.283738759384003725e-02 -2.098150318741467402e-01
-1.668775286647455613e-01 -6.110243902207763977e-02
-4.602370704965196013e-02 -2.110557585213926057e-01
-3.488416164850491330e-01 4.073835371980293052e-02
-2.062446210637595145e-01 -1.229748726360522099e-01
1.469926426128304042e-01 -4.550360690064638169e-01
-2.135994617602623991e-01 -1.637296029742068004e-01
-0.000000000000000000e+00 0.000000000000000000e+00
0.000000000000000000e+00 -0.000000000000000000e+00
-1.236048118316220579e-01 -7.051585432090108629e-02
5.004902553930612452e-02 -6.063327176916710748e-02
2.109232365173324131e-01 -3.120148611276251094e-01
-1.592375746162577876e-01 -2.613172474022554259e-02
-8.191549389084457067e-02 -1.780300882845486099e-01
3.260118810374242893e-01 2.351316698286519125e-01
-6.159550607805175382e-02 -2.833425489496573246e-01
-3.825464537859037395e-01 1.176815060153790227e-01
-1.019410816226948291e-01 -7.766600698521239354e-02
1.866540129889124600e-01 -3.938285849339672184e-01
-1.036462240368428156e-01 -1.692995383799719977e-01
-5.815150774460836613e-02 -3.456446435784715221e-01
-1.766019269452796525e-01 -4.370005576352947729e-02
4.714143980427154546e-02 -2.324776199158657131e-01
-9.414965442884490332e-02 -2.623905285341476268e-01
-1.832705078856179670e-01 8.664518845135418812e-02
3.755594125141734768e-02 -2.442145499801383068e-01
-7.799603182063719053e-02 -1.853512946292939223e-01
-1.000134779395787793e-01 -1.234502848472514569e-01
-1.143346413095917835e-01 -2.161372363299143007e-01
-1.194274509069321449e-01 -1.385395045872673814e-01
2.481270606671710510e-01 -4.181254387216474244e-01
2.860975388304065614e-02 -1.733931470998196778e-01
1.331861975345476901e-01 -7.090201826958797415e-02
-3.551577014595991288e-02 -1.989979629348412049e-01
1.129000140654565776e-01 -2.715642837590525049e-01
2.529155080343103990e-02 -2.071126563508956520e-01
6.069998796959180654e-02 -2.608106611498928196e-01
-5.484565302347121918e-02 -1.578491809330498929e-01
0.000000000000000000e+00 0.000000000000000000e+00
6.970054434244911390e-02 -1.825345925024542404e-01
-1.913699289141749804e-01 -8.932504639651320244e-02
-7.222191247134762682e-02 -7.234904468766635566e-02
-7.749095821301818510e-02 -1.887667603970797914e-01
5.394646073296094357e-02 -2.835319166713865524e-01
2.228324277082788796e-01 3.822924943881300663e-01
2.570098315497426622e-02 -1.874109741200505053e-01
-4.998356268786279810e-01 1.554752750579654896e-01
-8.548405750381393720e-02 -1.108910860894885553e-01
1.387944954107175888e-02 -1.565249243831393078e-01
-1.788275401005224308e-01 -1.233640532967125447e-01
-1.525520917452595215e-01 -8.630040270288125148e-02
2.841208854213522206e-01 4.698183489275995633e-02
1.480057517352362240e-02 -2.069047122878830414e-01
-2.610266625386676309e-01 -8.790744636432264170e-02
7.054166542259182604e-03 -1.698766056454090734e-01
4.151505102485874565e-01 1.234479913022648589e-01
3.503987898343363105e-01 3.732344334029771282e-01
-2.156885988741309157e-01 -6.692036806814767591e-02
-4.258089273755832904e-02 1.262568792241920701e-02
3.631502294004716747e-02 -3.038617591198340406e-01
-4.315273340743083774e-01 3.679274487679093375e-02
2.881266021078489337e-02 -1.999180346493393268e-01
4.506092154703876806e-01 1.216159617608641441e-01
-9.042335627771479201e-02 -1.215567786950922102e-01
1.578056891234737996e-02 -1.100249590801920946e-01
2.134498042368837556e-02 -2.215296262135908467e-01
-2.005503138442961686e-01 1.173293739941710795e-01
4.237019196726324322e-03 -2.333877839195127590e-01
-2.004933620339743872e-01 -1.436804286195864644e-01
-2.239698395321017832e-01 -2.116479005742926967e-01
9.586610809550316289e-03 -7.743775777414890760e-02
-1.075306322664776326e-01 -1.960057886222301982e-01
-9.427594702093422541e-02 -7.393512692544340625e-02
-1.204195000573052288e-02 -1.851163845911535932e-01
1.047243812156232190e-01 -2.847434067677896974e-01
-7.600157292828427225e-02 -1.738121829850224620e-01
-7.455843528703438861e-02 -2.684696938974560632e-01
-1.634469813710603958e-02 -1.248558805788019671e-01
1.525971398063446505e-01 -2.995736258802473295e-01
2.574055198175987935e-01 -3.903173492790503185e-01
2.230377617520523659e-01 -2.966615722110739206e-01
-9.046350561695670756e-02 -1.394203231495657613e-01
-1.572933329389376023e-01 -1.222147268593678782e-01
2.376714029970306008e-03 -2.023953844154899873e-01
1.908745134815599542e-03 -3.130988145451694127e-01
-4.118344219101187087e-01 -1.222630687904975866e-01
-1.248235665528230065e-03 -8.509676202588933869e-02
5.760186675223530339e-03 9.112630300765210689e-02
5.204491076551775314e-02 -1.648940645441664410e-01
6.912563339167354659e-02 -1.511068355420043530e-01
-4.850025897009402343e-02 -1.675491637279800938e-01
0.000000000000000000e+00 -0.000000000000000000e+00
-3.436069878973107561e-01 -6.149001255770453200e-02
2.024604097978466299e-02 -1.073234418337842555e-01
-1.260125721928918585e-01 -2.395271589785356869e-03
-6.785108973354442297e-02 -1.496373891313345084e+00
-1.024386943246247961e-01 -1.327274625141256492e-01
5.788729141173420967e-02 -2.311772292468605161e-01
-3.350722772290263274e-01 1.129946240511208178e-01
-2.078360660694822393e-02 -1.433227681766778283e-01
-1.364645408584104769e-01 -8.177182722561410211e-02
-3.598631401019269926e-02 -1.072280016232730060e-01
-7.673813466187862087e-02 -2.825159786658738015e-01
9.719672142266854165e-01 -2.142573336395320327e-01
-2.670871745377326745e-01 8.757398871337696011e-02
-3.559408720930251069e-01 -4.334146750532863468e-02
-1.168703959479919924e-01 -2.253531372759991491e-01
6.892582219922060993e-02 -2.266637414622715285e-01
2.555753730493207643e-01 2.465696122316983763e-01
-1.895553137792114762e-01 -1.862603495088874239e-01
5.784394267321557592e-01 2.161947458690066659e-01
2.078788380176939121e-01 2.733574975853165778e-01
-3.256016967533742479e-02 -1.005025742986326853e-01
9.901481740071944870e-02 -9.851627273414231833e-02
-3.003697823643912690e-01 2.206315770738041249e-01
-5.415729767694232866e-02 -1.778872652040781599e-01
-1.428454548645374800e-04 -7.654676311484179818e-01
-9.084583460001183219e-03 -2.025368387825446370e-01
2.016923157177599735e-01 -1.236094242960286138e-01
-1.405565901554586827e-02 -1.995483920991444338e-01
-1.520329214673230567e-01 -9.390633607406134731e-02
-1.064050612355418451e-01 -8.951758345144218698e-02
-4.201127034739982058e-02 -5.115860846193653888e-02
-2.250232670940654489e-01 -4.942815070811401590e-04
-8.481066118701696688e-03 -2.071806022962964233e-01
-1.425004951219837890e-01 -7.487619895316577345e-02
-5.236877838903791771e-01 -1.443988430301151871e-02
-3.696635374031028709e-01 8.604549192942625990e-02
-1.735708751075748513e-02 9.973620623598966617e-04
-4.898968484221404296e-01 2.682279002530839618e-01
-2.826882121359441946e-01 2.526631496011755296e-02
-1.395854188126083861e-01 -7.680556118199100002e-02
-4.182896300514700461e-02 -1.637624375341291683e-01
0.000000000000000000e+00 -0.000000000000000000e+00
4.248411869997192891e-02 -1.796389913028225427e-01
-1.384811521229369902e-01 -5.360515265481236025e-02
-8.543933326219922686e-02 -1.011521230648388114e-01
-2.070944179754105607e-02 -3.612868580582728750e-02
-2.125841588688675565e-01 -7.927617240444551072e-03
1.565598317295224806e-02 -9.888317503230550920e-02
2.277785014232904803e-01 3.555808066457667449e-01
-1.673834719399591164e-01 -1.277626651429152327e-01
-1.844895236760482615e-01 -8.047007355648722049e-02
-4.873743190022712390e-01 -4.860265858587153875e-02
-6.462403550453338363e-02 -6.502109662690935821e-03
-1.520826306279286222e-01 -1.363193764215040460e-01
-2.161376128733712987e-01 -1.550695952725973104e-01
-4.497134842913920738e-01 -6.345819568651564491e-02
1.479322448568165527e-02 -5.624688302955782593e-02
2.105082501742134848e-01 3.183298468079809318e-01
1.377671917978328386e-01 -2.450101175354834626e-01
-1.677497790386794918e-01 -1.099249892401254480e-01
-3.529538947285921213e-01 -2.120514118170438445e-02
-3.569060409809887702e-02 -1.824235760914176552e-01
2.356569956760911633e-01 -1.550663521148418766e-01
-1.401887225452635999e-02 -8.135622749741638904e-02
-2.226488804879817873e-01 -1.214505357179040956e-03
4.307634786071500022e-02 -7.013522788440045286e-01
-3.864630352340519548e-01 -3.829961408837077863e-02
-4.430893079592458372e-01 -7.683659923137492465e-03
-1.936959498851133499e-01 -1.160412671051494898e-01
7.141828702404089124e-02 -5.407213562123626138e-01
2.531328825761102186e-01 -1.473641065903183722e-01
2.089606801667750480e-01 -3.606432867040092471e-01
-4.818594736247976407e-01 2.251937116433617159e-01
-2.416643550459413037e-02 -6.081698732643627814e-01
2.636220615759772290e-01 -1.177076879442648938e-01
-3.825545238603776932e-01 2.354302656052176257e-02
-1.998353522171676389e-01 -2.181642302078787288e-02
-2.784884845960703403e-01 9.379296453761870600e-03
9.290695878907384575e-02 2.371868914082868041e-01
1.127839563842476522e-01 2.750607264735995816e-01
3.998999938718655889e-01 -3.598362481254782641e-02
2.067559895042606899e-01 -6.880655853062785099e-02
1.175386798119923415e-01 -2.206651673181743711e-01
3.705940887274178919e-01 1.742187102105396956e-02
-2.202170754533107622e-01 -1.243434876562966307e-01
-1.459809017224450722e-01 -1.852499711245888248e-01
2.329348665174429955e-01 -1.565119266644288687e-01
4.350106401268147294e-02 -2.502269358358907292e-01
-3.242336412052214678e-01 -4.921656338598187630e-02
1.663048068590190498e-01 2.223111009532144633e-01
-5.972558973152858330e-02 -9.201682047336601222e-02
-2.284651922635372312e-02 -1.702148229139667512e-01
-2.116311134620727785e-01 -8.905676727970446294e-02
-2.711010248162424308e-01 3.134041543350204462e-01
7.819694452556841258e-03 -6.466356847950914810e-01
-3.764892392864827020e-01 -5.901380436819664982e-02
0.000000000000000000e+00 0.000000000000000000e+00
2.641827283249241765e-01 -2.079184292999056438e-01
-9.727387294953872277e-02 -2.254292298573571940e-01
-9.541400820349921208e-02 -2.176839831329291375e-01
-4.273621411061946374e-01 2.223629726373497761e-01
-5.181186061470005599e-02 -1.395972027255498737e-01
-1.436349983527585028e-02 -1.766621376941304167e-01
1.941135380698579826e-01 -2.487034164165400074e-01
-3.781947670742158429e-02 -1.738356804537103950e-01
-1.623380782778168219e-01 -3.029012835220959432e-02
-1.359977417630436614e-01 -3.326772502534558473e-02
2.912026887224905547e-01 2.513171149902190815e-01
-7.252330222180297659e-02 -1.807885573354722220e-01
4.738281394850565875e-01 1.837312178149510811e-01
1.671650506191124652e-01 -2.437344664384650805e-01
-7.639888800412009129e-02 -2.038780985183449856e-01
-1.443326884662808618e-01 -3.611813052939690655e-02
-1.990819014359601624e-02 -2.276094351153158390e-01
-2.911235855365729153e-02 -1.295964188694768149e-01
-7.184036375411857744e-02 -1.107627909540938455e-01
-4.883540175139672312e-02 -1.984104749225160114e-01
7.549889967036427230e-03 -4.386110239997162985e-01
-5.547368703223456987e-02 -1.090851600290257961e-01
-3.145069103974723612e-02 -3.422545910799727475e-01
-2.247573167289610568e-02 -1.488875985143350844e-02
5.144497776984103821e-01 1.676952075421244137e-01
-4.185387868889975382e-02 4.388438324338713170e-01
-3.159421419624689475e-01 7.505223939147365186e-02
4.884835170379854263e-01 2.065270783861044013e-01
4.584852106579111464e-01 1.887262054953966484e-01
-5.293514478988898403e-02 -1.735855592726065211e-01
-5.282552909942145325e-02 -3.865746099158157145e-01
4.224272894787927113e-01 2.262162455009334994e-01
-6.753416474551181270e-02 -2.206440638560177026e-01
2.277063008691337653e-01 -4.079607174912839307e-01
-1.871308506850560827e-02 -1.920835459237073550e-01
-7.253976708429500653e-02 -2.219856772611110696e-01
-1.634645758730410847e-01 -1.176159665957747791e-01
-2.347481519151323470e-01 -3.379829172769998058e-01
1.223215890899641972e-01 -2.293962479016986578e-02
4.087983523309075551e-01 2.525645477659544391e-01
5.493131221023964117e-02 -6.381890822553606402e-01
-1.614492098894598771e-02 -1.357546945198317978e-02
-3.004592228123215691e-01 1.231675287433184884e-01
1.220667517193678442e-02 -8.438927345488064780e-02
-1.235286106206380102e-01 -4.699446832704373689e-02
-1.267536576310857033e-01 -1.845207002408763564e-01
6.172787632013743142e-02 -3.779075049347224713e-01
-2.625715328046186736e-02 -1.104963532893248335e-01
3.255313893703465356e-01 3.728904357093507094e-02
8.606996281346157573e-02 -7.663988494191154022e-02
-4.007404407021697423e-02 -1.536118286596625804e-01
-1.515725528858617166e-01 2.372535680572725181e-02
1.191573826675966508e-01 -4.931355436701345685e-02
-4.425361819779323747e-01 2.310519372462199739e-02
1.169776566617937164e-01 -4.043608053703163785e-01
-1.204376272766872064e-01 -1.029369905406130464e-01
8.397128736337061694e-02 -1.072899531475500767e-01
1.459719701496852151e-01 -1.551056437741114014e-01
-6.197322016096407093e-02 2.871211958636460393e-03
-4.467457169959380137e-01 3.093536871292460466e-01
-1.588280105356250083e-01 -7.178632870847545533e-02
4.112366995278555204e-01 2.495956681761210549e-01
-1.265487104197278723e-01 -8.046675404308470392e-02
9.610075389830763370e-02 -5.197551446348948057e-01
0.000000000000000000e+00 -0.000000000000000000e+00
-1.330211032430531071e-01 1.432822647880088451e-01
1.002595366542284872e-01 -6.392219676768440273e-02
-4.996222784335578315e-01 2.136222879736513758e-01
-3.637500469720076346e-01 2.550296531109818021e-01
1.791526441432455263e-01 -8.481065009280153166e-02
3.989932923790939778e-02 -3.432784792211057145e-01
4.030628851841816518e-02 -1.064767779015310945e-01
-7.355811713976745381e-02 -1.896702887114918024e-01
3.368371071851978815e-01 1.273694783535993802e-01
1.216225803124583171e-01 -2.013897371313269624e-01
-2.990708968414144270e-02 -4.416498505278441955e-02
8.969892162160658655e-02 -2.096976955391729458e-01
-1.572959144970131895e-03 -1.076394325174398481e-01
-1.270491604195616853e-01 -3.100009510294993165e-01
-9.426010073005329504e-02 -2.590185802958213657e-01
1.567146671278920045e-01 -2.837470698189171747e-01
9.352057128936097641e-02 -1.284601430269838307e-01
-5.389905360760724462e-02 -1.111091786564610134e-01
2.031401872643338602e-01 -9.334474112763979647e-02
-6.208082368592492822e-02 -2.121223458521882543e-01
1.393063111132738507e-01 -1.229315472128881259e-01
5.635374318790103976e-02 -4.135854808296229868e-01
1.267041824741221845e-02 -1.813628485821887626e-01
-4.136394559830969264e-02 -4.515530739250323000e-01
-4.587644853681879797e-01 8.675104747246073500e-03
-5.594578680047691821e-02 -1.773531676817586278e-01
-4.708173991659748980e-02 -2.096797092462944490e-01
-1.949105841132040828e-01 3.911690419374558303e-02
-7.426878196648864505e-02 4.537310464283986211e-02
-4.602417269222526253e-01 1.066936736952174836e-01
-1.747465622366389804e-01 -2.777583326123100882e-01
-9.522497526103310128e-02 -1.624599658569204075e-01
-3.406097277740602336e-02 -2.055228744700997034e-01
-9.359134113196510008e-02 8.796067484595676556e-02
1.474219026628184048e-01 -2.447066561258513795e-01
3.319975301797339906e-02 -2.018597592661408868e-01
-4.892860457425565190e-01 2.247446925067554668e-02
1.664370588297443554e-01 -1.714093889377543700e-01
9.973499568618382494e-02 -1.475776451642581422e-01
-1.002644933254054349e-01 -2.006343688838572448e-01
-1.110575572258232363e-01 -1.673185022984680637e-01
-9.271549546068139080e-02 2.387687202549973464e-02
2.276857189799900705e-01 -2.327646027795181594e-01
-1.867024709916336733e-01 -1.494816988673633093e-02
3.210892877301891879e-01 2.623562343713673473e-01
-1.492517463738414485e-02 -1.931841947995553144e-01
6.286419139525573074e-02 -2.440455122353825113e-01
-1.113966856524737925e-01 -2.827992627855546726e-01
-2.224931160418258946e-01 2.414492552853289009e-01
-1.140832075623193220e-01 -2.389522920845531251e-01
-5.093958030957004279e-01 3.624632355302498388e-01
5.733467769975086892e-02 -2.364771603660559829e-01
1.673817187285510100e-01 -3.130006308474155285e-01
-5.075443451319368027e-01 -4.846845261929893373e-02
8.509468828489324954e-02 -1.962057361568387837e-01
-3.116169200851088839e-01 3.226451933485793289e-01
1.073269210667059381e-01 -2.250270748363612794e-01
-1.232916367332125146e-01 -2.363733853427538723e-01
-5.054564664919836137e-01 -4.523403602814479729e-02
4.756805801893243535e-02 -2.447553373495121032e-01
1.944298012076902671e-01 -2.940955849163102709e-01
2.698803141619510182e-01 2.735610663830602141e-01
8.856409411816978938e-03 -2.562154456061678243e-01
1.649743405726015189e-01 2.830759101023736513e-01
-5.012224495455963602e-01 2.645526903163357146e-01
4.385780800399441404e-02 -2.539875732703268385e-01
1.062583349920175335e-01 -3.188401430746369281e-01
-2.169225558789055763e-01 4.419862650420075534e-02
-2.407880776615432261e-01 2.715393795467141436e-02
7.986215840159321955e-03 -2.039577709019905205e-01
1.505254612477264775e-01 2.212014958203601389e-01
-2.757099117579503433e-01 -1.347162512353324293e-01
-3.223041987454453583e-01 2.967433413149495602e-01
-3.934024363835322280e-01 6.909839735948763995e-02
1.801870292498168324e-01 -1.342135527201058220e-01
8.748703275376873423e-02 -2.549740624142361467e-01
-5.020590761077681208e-01 1.326973436773390136e-01
1.244485256812436491e-01 1.345099691606985171e-01
6.695357117677991354e-02 -1.838500165281777843e-01
-1.043667616030335143e-01 -1.460135507151646139e-01
3.295662688870922841e-01 3.102096356373375552e-01
-3.085379985855407625e-02 -2.249573690693413841e-01
1.288130382894675519e-02 -8.155393237527819306e-02
-5.626138786762217014e-01 -4.374347989797844338e-02
-5.777279563864319289e-01 1.948267354223631731e-01
-2.780963348775570415e-02 -1.268952392995843781e-01
-1.351946849631948666e-01 5.692985247348403277e-03
1.013577250880073333e-01 -6.299010471704280523e-02
1.046974343086934101e-01 -1.311888553583473449e-01
3.565162843849117857e-02 -8.695224724893096946e-02
-1.399077332560363374e-01 -1.669606432487650838e-01
-1.256116419033199705e-01 -1.723519030943595209e-01
-1.215474454770811424e-01 -4.635401916310682990e-02
1.366698444411039437e-02 -3.908898644890667073e-01
4.888851913793827997e-01 1.525673880629054568e-01
1.440477464545250608e-01 -4.391221684575886131e-01
1.384256474908381884e-01 -2.922771426084349589e-01
-5.847180410133154954e-02 -1.530571476274452669e-01
1.488552104160130729e-01 -6.133193972414985318e-02
7.541945117824910838e-02 -1.822934457701907429e-01
-2.560949092773137648e-01 3.069091934056036308e-01
-1.367766486597316589e-01 -2.575500575444658602e-01
-5.462649401361489021e-01 -1.857554688564741485e-02
-1.665849988165704620e-01 -7.916531139801442907e-02
-1.135140099174172801e-02 2.479962673499583325e-02
-2.458718812423932309e-04 -3.700041520834644881e-01
1.009524570394834120e-01 -6.638693733058131929e-02
1.264102537089714651e-02 -2.805784239283863335e-01
1.062527118344743782e-01 -4.821360824372045162e-02
