3.061688 10.155293
3.278761 10.631608
1.557590 11.114329
2.703207 10.642630
2.230553 10.600141
8.881044 9.600053
4.086874 10.634892
3.379638 11.543618
-0.162764 10.533031
9.527142 10.576974
4.034256 9.537785
5.991818 11.623379
3.992507 12.104511
12.020101 9.409838
7.925294 11.517479
8.385551 9.205113
4.144549 10.120299
3.704057 9.100629
9.557542 12.046317
-1.487401 8.223322
0.919176 8.943217
9.964126 11.058146
2.991665 12.551669
7.430278 11.371529
0.784225 9.797733
4.631135 11.362475
7.583652 10.895108
8.135219 9.411634
5.542681 11.488539
1.211295 12.234971
5.866392 10.406060
8.961654 9.579818
7.801575 10.144682
11.591670 10.569407
10.323173 11.237804
-1.558384 9.105002
4.237093 9.791753
6.743180 10.289886
3.959754 11.377266
7.991179 2.254443
6.952776 11.493290
10.581093 11.578473
4.998587 11.707794
11.050184 11.169574
1.340647 8.973151
10.585258 11.698915
0.991090 10.369986
2.866807 9.759421
9.643119 11.483189
8.841555 9.168851
10.387501 11.188342
3.288516 9.342560
10.674064 11.303141
6.438598 11.362366
11.121030 9.741999
-1.538289 7.635661
6.919361 9.598376
8.443796 9.580194
3.334183 12.736278
2.350294 11.156904
11.061363 9.082347
8.392900 10.218411
4.208477 9.023507
2.733406 9.677159
9.303915 9.458240
7.211215 10.271045
7.545779 2.974136
0.507970 11.608232
5.731079 12.464205
11.255668 11.771638
8.990921 11.543405
9.268609 9.981205
0.963326 11.255910
3.944899 11.630022
12.431730 10.190940
8.299462 2.317897
-0.258888 8.210307
-0.242590 10.246623
4.669421 11.566032
7.172594 2.191329
0.736751 11.873041
11.288852 11.682030
10.733045 11.536345
1.081130 12.465327
-1.624914 8.799111
6.493527 10.564881
4.309175 12.583033
10.459288 9.512312
-0.341744 9.555677
3.518626 12.028920
-0.564439 8.874913
3.824388 12.619489
1.935643 12.609919
8.343682 2.977661
3.272543 12.602761
7.629948 11.645012
2.752105 12.756171
7.139670 2.897680
11.795242 9.368582
2.051319 10.483787
3.660923 11.139924
-0.089024 7.849185
9.415363 11.867722
6.491456 10.734669
10.915506 9.731914
5.657911 9.805677
8.540629 10.991182
5.529914 10.608907
-0.366592 9.072084
6.987198 11.429639
8.563166 2.678678
6.382662 12.121543
8.084871 3.014856
4.322295 10.956979
0.533140 8.306643
10.460893 9.501793
7.734021 2.289117
11.586165 11.450312
1.748177 10.896847
0.488288 9.559203
3.646414 9.233848
-1.068325 7.706745
4.902561 9.920677
4.631049 10.134747
-0.103499 8.865396
12.580007 9.727817
2.104435 11.311124
4.110194 11.570875
7.110232 11.910460
9.232822 10.125067
6.544646 10.909463
8.109787 2.163450
10.820052 9.898057
10.677640 11.243969
1.000121 8.325972
-0.108378 10.823167
3.660879 9.228287
11.559210 10.917791
0.670663 11.774861
1.761816 12.334371
7.897298 2.481915
1.899551 8.864422
1.250613 12.303640
1.693042 12.572978
10.507936 10.965472
8.230414 3.098930
7.482932 2.334936
1.122100 11.599011
8.368752 11.841854
3.655374 11.771679
-1.745439 8.169086
12.243930 9.644230
7.060732 11.420897
-0.723448 8.243961
9.625764 9.426892
7.360518 10.348239
-0.896070 9.936618
7.556269 2.144860
-1.612788 7.498365
-0.533664 8.805752
8.120282 11.221216
6.756073 11.327743
9.381324 9.585025
1.468317 8.623487
3.203478 9.489358
8.516315 10.500263
2.177071 12.359292
7.514230 11.877820
7.048954 10.265640
6.184169 11.848773
8.275198 9.967498
3.638686 9.960679
-0.380039 10.549175
9.603147 10.309900
7.722082 2.072229
1.997657 12.448221
6.255467 10.280077
7.415031 3.109821
7.474287 3.963141
3.060703 12.012330
10.417115 10.625153
1.158409 11.463326
-2.010231 7.990921
2.143606 10.799290
-1.449664 7.763479
7.890812 1.999819
11.048539 10.238467
3.344281 10.361844
6.556893 11.622882
4.270446 10.352102
10.733689 10.605792
1.854458 9.022280
6.109721 11.826840
7.229513 11.333888
0.066422 8.653024
0.381524 8.441180
9.040798 10.559306
-1.513026 9.489543
5.501274 12.262300
-1.527166 7.520893
7.220023 3.559959
7.405914 2.351711
6.390040 11.345127
1.055535 12.090052
1.583125 11.615340
12.263163 10.138221
6.872255 10.669341
-0.103751 9.587277
8.049911 10.760717
12.186112 9.240794
7.375941 2.932789
3.463888 10.221263
-0.854909 7.680400
-1.623103 9.242847
7.340312 10.934684
0.785511 12.145959
11.817819 9.789897
6.780021 12.142492
3.543095 8.996030
3.934996 10.414065
0.693227 12.073402
0.075432 10.832250
1.260040 10.298574
2.947222 9.104951
6.500670 9.861776
-0.557300 7.937206
3.239689 9.707848
-1.472586 7.931668
8.046282 9.683337
-1.279553 8.561294
4.535501 12.623454
5.422974 10.048134
8.724659 2.624839
8.562652 9.724164
0.152994 8.551686
4.915691 10.459645
7.941749 2.899803
7.966972 2.465163
3.420900 9.005228
-1.073447 8.454048
7.373169 11.784838
-1.156652 8.698565
8.659145 10.032036
0.093749 9.128487
10.453632 10.733771
3.680632 12.561505
9.247313 11.305612
8.325184 2.788079
11.679290 9.234609
5.740660 11.670712
7.963416 2.707907
4.465213 9.289758
11.214846 11.051114
7.727927 9.924742
0.423377 9.768039
5.948791 10.829382
3.187325 10.052551
8.211960 3.593758
11.177316 11.059159
3.401853 12.272335
-1.354742 7.428234
0.979982 12.330482
5.919685 11.328634
1.492481 11.841979
9.927169 11.747300
11.769968 9.918966
5.132879 9.945936
2.318769 12.329736
10.055194 11.640669
4.640175 11.122635
12.553461 9.428031
7.356670 3.415052
5.133084 10.562397
3.834784 9.495103
11.540885 10.533767
11.363676 10.874771
7.865863 3.303034
11.047709 10.811479
10.548676 9.749022
9.367040 9.157163
9.496715 10.538700
10.806294 9.429151
7.619651 3.358615
-1.721292 8.410988
11.898693 9.195500
9.812123 11.822434
-1.296847 8.442779
-1.346538 8.671842
3.035590 9.069516
6.038050 9.472990
4.140819 11.104400
5.334942 11.795668
-1.193621 7.919827
0.082044 11.000657
8.433436 2.617974
11.244876 11.234146
0.587292 9.914495
1.006326 11.395981
-0.760332 10.397406
8.197065 11.039850
7.891638 9.857899
-0.635518 8.163988
-0.813042 10.450687
5.152073 11.211743
5.091844 11.081812
1.170914 9.001183
9.505697 11.447035
8.388827 10.768540
-1.884356 8.675598
4.576287 11.813637
1.538670 8.650396
1.416680 9.131338
7.193556 10.815666
7.573895 2.700003
3.927255 9.529613
7.020889 10.951301
9.042609 9.859521
12.300768 10.313353
11.425970 9.459583
8.524993 9.263364
11.452297 9.015592
7.145676 3.106821
7.757954 3.369727
7.619207 10.493959
9.322697 9.237874
0.221589 8.754504
1.248070 12.121402
1.545673 12.231489
8.401496 9.828127
0.055983 10.004964
-1.378151 7.634994
12.683024 9.379856
1.478157 9.576509
5.644554 9.635649
3.614358 9.627018
9.706308 11.276528
11.468689 10.352153
9.921696 9.814572
11.540814 10.514077
6.504045 8.976863
6.395968 10.723525
1.877073 12.228633
8.676457 11.573617
11.211451 10.327074
-0.403213 9.869132
0.784528 8.606746
3.448512 12.879753
7.787675 11.149999
10.231668 9.739143
-0.094549 9.862471
12.667780 9.922244
-0.658505 9.833147
2.844350 12.077740
0.223344 9.319069
4.789986 12.079429
-0.311781 9.284468
5.881860 10.670000
6.566957 11.932489
0.465632 8.195725
7.287371 3.011446
7.020191 3.228758
1.501293 9.023533
12.372487 9.740995
4.388269 11.693604
7.551201 10.695560
5.710048 11.905346
7.597166 2.432673
8.369102 10.796046
9.166501 12.037644
11.435081 9.944046
10.904082 10.635690
11.384818 9.425837
10.721236 11.648862
5.771168 11.048845
4.644074 11.829281
10.388783 10.296460
4.750311 10.977357
-1.769096 7.882739
9.361594 9.481761
-1.274531 9.028616
-0.975475 10.191092
0.201294 8.124848
12.178700 9.576131
6.186127 9.735390
